time,x,y,z,phi,theta,psi,x_velocity,y_velocity,z_velocity,phi_velocity,theta_velocity,psi_velocity,rotor_speed1,rotor_speed2,rotor_speed3,rotor_speed4
0.06,9.79074018898e-08,-2.9786950481e-08,10.0044887651,6.28314637903,6.28298330682,0.0,1.31793527195e-05,-3.08577554335e-06,0.149616910191,-0.00197916531955,-0.011133404876,0.0,452.8474417485497,451.9512181024107,452.4181480091716,452.2588101244617
0.12000000000000001,7.53806518206e-06,-1.39090741931e-06,10.0175311811,6.28317744854,6.28267580338,0.0,0.00028487555593,-4.65393516147e-05,0.285105442241,0.00509514367178,0.00478139689199,0.0,447.6903590955678,448.9832673847642,447.4857420045457,448.0611348924159
0.18,3.43241676633e-05,-3.24350835784e-06,10.0380199013,2.92457251891e-05,6.28277790001,0.0,0.000586891489478,4.64899846257e-06,0.397818747097,-0.0103146147325,-0.00530650924214,0.0,441.50474559601935,440.6717610165147,441.58403807377726,440.3112479692048
0.23999999999999996,7.91113390263e-05,-4.85654931518e-06,10.065332758,6.2824132999,6.28271272564,0.0,0.000924818792869,-0.000131537651696,0.512564710605,-0.0202569797393,0.00624322027384,0.0,441.00806875188886,441.9609070319069,442.40282633944713,441.5836645946005
0.3,0.000143582053065,-3.41973092521e-05,10.1005586714,6.28063864976,6.28300374054,0.0,0.00118764017418,-0.000991857937725,0.661557309038,-0.0645921029353,0.00190750442227,0.0,452.65055615808717,452.30147486165043,454.2544010429825,450.6850155117213
0.36000000000000004,0.000218039524857,-0.000168799067454,10.1456527173,6.27692940599,0.000323019987692,0.0,0.00125626137705,-0.00392561816731,0.841460454295,-0.0567879106055,0.0189844484851,0.0,461.4519073818101,462.7977036905839,461.63457234679646,462.24728157721506
0.4200000000000001,0.00028382065342,-0.000528748209935,10.1966005856,6.27389262962,0.00123133017207,0.0,0.000843610935047,-0.00835889301987,0.856788164726,-0.0404825639674,0.00605359647756,0.0,410.80156388177727,409.6534240641501,408.84139524111174,410.2894474984339
0.48000000000000015,0.000305644818661,-0.00124589296552,10.2525323461,6.27186976278,0.00157625938493,0.0,-0.000154764407014,-0.0157856519333,1.00748032617,-0.0227894609646,0.00513216645966,0.0,452.9676396449423,452.8934450074111,453.30072945413644,454.7196218181198
0.5400000000000001,0.000260387563616,-0.0024455996308,10.3171477208,6.27038580039,0.00217218999372,0.0,-0.0014038042248,-0.0243563435664,1.14623438096,-0.0289332206393,0.0181254046722,0.0,449.2802504882337,450.33224854960264,450.59256388015757,450.0955857389722
0.6000000000000002,0.000133238802361,-0.00414413327298,10.3863375472,6.26866533496,0.00328449748783,0.0,-0.00293264008797,-0.0324155193984,1.16007668547,-0.028161875064,0.0193519645905,0.0,410.18193174898505,410.29080723405343,409.7697332094981,409.8379817167458
0.6600000000000003,-0.000111220187145,-0.00637877349317,10.4578573058,6.26752111268,0.00444136971153,0.0,-0.00532777503077,-0.0422042554474,1.22384629797,-0.00525970010375,0.0191393168975,0.0,426.08905852963306,426.07085536732575,426.22423910160853,428.1768190763957
0.7200000000000003,-0.000520433853748,-0.00921383052672,10.5328807932,6.26694329231,0.00549215328221,0.0,-0.00841714074226,-0.0523374917739,1.27687727833,-0.0202422329531,0.0140444565839,0.0,423.35918822864187,422.9205779113694,424.0703537348166,422.7816582263628
0.7800000000000004,-0.00114433749904,-0.0127007782938,10.6128813641,6.26540984757,0.00631779622272,0.0,-0.0124655898223,-0.0640316839275,1.38967468632,-0.0391721168566,0.0131871262599,0.0,442.64291699337434,442.5722526106868,443.3780028087977,441.8200091555671
0.8400000000000004,-0.00201807319256,-0.0168953386913,10.697965646,6.26264820343,0.00763778299114,0.0,-0.0167633624497,-0.0760246143044,1.44639216082,-0.0655148796443,0.0354816393383,0.0,423.83019754427335,425.7418972055637,426.20362020540443,423.9448072038109
0.9000000000000005,-0.00320324735649,-0.0219320489929,10.7894285403,6.25860448415,0.00963171341684,0.0,-0.022968580285,-0.0923006811817,1.60215327023,-0.0714474961626,0.0283050024145,0.0,456.8733251075507,456.3012214731748,456.36774010887177,455.8907101116472
0.9600000000000005,-0.00483166178146,-0.028103910106,10.8928877975,6.25467428779,0.0122718843356,0.0,-0.0315892517409,-0.113922901309,1.84610998711,-0.0556893302339,0.0644843567432,0.0,482.8858235086233,485.6079211030238,481.0422402906241,482.2310432354885
1.0200000000000005,-0.0069871847838,-0.0355230339235,11.0060231186,6.25124878352,0.015840955182,0.0,-0.0406301727216,-0.133711849537,1.92492128471,-0.0600540939623,0.0469185805881,0.0,434.98769151056035,433.51680904953776,433.1359316812871,432.76638009114725
1.0800000000000005,-0.0097134686664,-0.0441201643508,11.1214711562,6.24786358057,0.018824980979,0.0,-0.0504987433799,-0.153162570074,1.92333314165,-0.0499975495274,0.0548394235461,0.0,406.80809381207024,407.51848082646075,407.00493531971654,407.9014287949422
1.1400000000000006,-0.0131434716232,-0.0540483208623,11.2397856842,6.24435089115,0.0220465639824,0.0,-0.0641623662694,-0.178089186687,2.02029706506,-0.0870986629489,0.0512966212192,0.0,439.5301655226332,439.2384090195804,441.64436978121483,438.57080707822973
1.2000000000000006,-0.0174818483106,-0.065593112294,11.3649148117,6.23882369002,0.0254206823304,0.0,-0.0807900414966,-0.207297329492,2.15040283289,-0.104750690665,0.06462803301,0.0,449.67475259807003,450.7554086597281,451.5743116704269,450.14100982537167
1.2600000000000007,-0.0229403880328,-0.0790950737276,11.4996276337,6.23251921478,0.0293953594746,0.0,-0.101604458326,-0.243476018013,2.33960476795,-0.105729821192,0.0692947684563,0.0,469.32115083577446,469.68620463138535,468.6140709099209,468.52893354639696
1.3200000000000007,-0.0297043773629,-0.0948499806637,11.6444378876,6.22663274681,0.0337268313822,0.0,-0.124316256111,-0.282334175759,2.4870373445,-0.0860888385202,0.0774296240765,0.0,457.4923124761826,458.143387810407,456.0857518579575,457.6435126274508
1.3800000000000008,-0.0378275806671,-0.112893922,11.7951675531,6.22181593618,0.0382155709174,0.0,-0.146886596622,-0.319594363206,2.53712340391,-0.0706545091932,0.0689869810206,0.0,427.76130065840164,427.0463703042533,426.7593167710838,428.06910498211465
1.4400000000000008,-0.0474791855729,-0.133404062576,11.9511613588,6.2171971379,0.0431206580276,0.0,-0.175309441753,-0.364522387267,2.66232659338,-0.0942679845633,0.0995061197561,0.0,450.18843162934775,452.65606019917044,452.7994196524018,450.89093408431694
1.5000000000000009,-0.0589974630478,-0.156789480526,12.1157809421,6.21195164961,0.0488080136192,0.0,-0.20926750907,-0.415567447936,2.82451978953,-0.0764055678073,0.0831284103629,0.0,463.6161933612659,462.3347488440675,463.68442009379174,465.079409003643
1.560000000000001,-0.0725169729243,-0.183116123721,12.2868611387,6.20786554084,0.0549941325999,0.0,-0.241923714011,-0.462385880183,2.87794608105,-0.0552362498277,0.126992476799,0.0,428.6653707943578,432.3854248279352,429.86920111048755,431.6555093090799
1.620000000000001,-0.0882047874481,-0.212436356523,12.4625751445,6.20420406368,0.062137669255,0.0,-0.281753073911,-0.515286526817,2.97883765468,-0.0762880132849,0.0943126408851,0.0,447.834846790809,445.1808422007573,446.88816403150406,445.1660573418124
1.680000000000001,-0.106453148172,-0.245048446451,12.644797103,6.19992985657,0.0681302686005,0.0,-0.327116951464,-0.572217356802,3.09481799835,-0.0626819812522,0.109159853338,0.0,450.72441325047373,451.9310796069439,451.5842045638276,452.676527352545
1.740000000000001,-0.127414335921,-0.280994281077,12.8319530142,6.19676391096,0.0752038110023,0.0,-0.372228140302,-0.626286945896,3.14347901438,-0.0380116758729,0.131269714428,0.0,430.36650983124633,432.2465415721875,430.0917311843226,432.1740712414043
1.8000000000000012,-0.151350872821,-0.320385338407,13.0236833352,6.19495632614,0.0827923857819,0.0,-0.426430709607,-0.686927422406,3.24712868557,-0.0177720692148,0.114579336163,0.0,450.2994044174306,448.96140814294887,448.0917036429661,449.73370965098593
1.8600000000000012,-0.179217467537,-0.363996402739,13.2277993872,6.19339518691,0.0891872065892,0.0,-0.503273001563,-0.766851868657,3.5556903453,-0.0526413341757,0.0814593803703,0.0,512.1258130205388,509.7724726752937,510.5617386143446,508.067603264806
1.9200000000000013,-0.211446287142,-0.412044143453,13.4458668657,6.19040874574,0.0945327338355,0.0,-0.571544477975,-0.835031342023,3.71259460363,-0.0445824742611,0.101125582194,0.0,467.9829244644841,469.51728028311055,468.1518835615069,468.7771174578402
1.9800000000000013,-0.247613650813,-0.463973736521,13.6703977662,6.1878906204,0.100304267308,0.0,-0.634586437169,-0.896184832991,3.77144684584,-0.0371972296686,0.0838460529996,0.0,441.69364694558305,440.2740457622622,437.7329082008814,438.34610418559157
2.0400000000000014,-0.2875405477,-0.519496274837,13.8971455364,6.18559986782,0.10509190567,0.0,-0.696746642072,-0.954765161446,3.78664643853,-0.0402187454733,0.0701270177841,0.0,426.1690645826477,425.0000829303498,426.50475396949486,426.2458202453648
2.1000000000000014,-0.331773036746,-0.579028789029,14.1293846715,6.18295395241,0.109513227713,0.0,-0.778093218201,-1.02987721157,3.95394139466,-0.0532765573903,0.0799966540142,0.0,473.7867477715541,474.5488290909047,474.43879069710215,473.434097680387
2.1600000000000015,-0.380924968092,-0.643072906687,14.3710538921,6.17953616847,0.114447638713,0.0,-0.860777206739,-1.10523082652,4.10100431073,-0.0655977807605,0.0863844985731,0.0,469.30446799133773,469.8051338565313,469.87691706861057,468.918596884185
2.2200000000000015,-0.434680485683,-0.711295454785,14.617494581,6.17561941166,0.119774678694,0.0,-0.931537419768,-1.16919790918,4.11347311189,-0.0646500742203,0.0931934743011,0.0,427.83005811689276,428.4163315461179,428.9535902204532,429.030758332106
2.2800000000000016,-0.492969960061,-0.783595558871,14.8662121717,6.17225832533,0.125281616014,0.0,-1.01195334473,-1.24112372071,4.1766894261,-0.0427551587745,0.0888012784166,0.0,444.50242171568385,444.1493868351817,445.74903354043744,447.53260538188994
2.3400000000000016,-0.556378947832,-0.86043591508,15.120153812,6.17037838193,0.130512164476,0.0,-1.10217431815,-1.32039770154,4.28742265002,-0.0149386130088,0.0837112758239,0.0,461.69217075011284,461.29634209175754,459.871175786415,462.06903447264796
2.4000000000000017,-0.624823302044,-0.941650811964,15.3770398492,6.16995162719,0.135933340443,0.0,-1.17976186627,-1.3868299921,4.27533969061,0.00517005883846,0.101106440553,0.0,423.2200000757647,424.72188071687816,421.3265469379369,423.0618113749341
2.4600000000000017,-0.698070541806,-1.02689809942,15.6335317821,6.16996227605,0.142012398847,0.0,-1.26234559037,-1.45473700395,4.27423184092,-0.0123731255185,0.10173639079,0.0,426.49075734295957,426.55391836950486,428.2197549339085,426.72465245342346
2.520000000000002,-0.77661629286,-1.11640909916,15.8915464298,6.1692068143,0.148105454082,0.0,-1.35639829059,-1.52901476617,4.32585474795,-0.0130304286298,0.101177681575,0.0,444.905107434734,444.8682725534998,444.31134863463154,444.2575713315138
2.580000000000002,-0.861632315232,-1.2109294846,16.157306927,6.16863928253,0.15389609897,0.0,-1.47804571402,-1.6216485647,4.53175319507,-0.00313211099286,0.0850055145822,0.0,492.61660988558947,491.4260584899076,492.2623244258946,492.9944357152785
2.640000000000002,-0.953863178951,-1.31085899162,16.4339818555,6.16877978085,0.159086163394,0.0,-1.59678419309,-1.70926430058,4.6898547977,0.0115045895162,0.0893341139499,0.0,480.6451412079472,480.97866709576596,479.49584184118345,480.60658426151474
2.700000000000002,-1.05230971706,-1.41531503847,16.7137790477,6.16952836382,0.164598211012,0.0,-1.68524275274,-1.77258592122,4.63676396155,0.0143523479549,0.0965024612424,0.0,414.60280768808207,415.23997162429526,414.93420673430626,415.18406664001515
2.760000000000002,-1.1561165237,-1.5235347245,16.9901255176,6.17009341738,0.17003263607,0.0,-1.77547789986,-1.8347234978,4.5748572583,-0.002945673057,0.0748024777309,0.0,413.7126778196885,411.8046507056629,411.71302264775903,410.17936109819806
2.820000000000002,-1.26630619225,-1.63605751136,17.2678079342,6.17018741701,0.175329818045,0.0,-1.89795131718,-1.9159968017,4.68052742343,0.00933513988167,0.106739958908,0.0,465.45057222216116,467.9493664575204,465.3978821107687,466.3582146274173
2.880000000000002,-1.38381844211,-1.75336296468,17.5509752844,6.1705715909,0.182167766056,0.0,-2.01972345444,-1.99410713664,4.75776582467,-0.000223194814036,0.125479629321,0.0,458.40969766055275,459.90752289501717,459.1772534322873,458.4181556269508
2.940000000000002,-1.50875857113,-1.87533812956,17.8386107662,6.17105053412,0.190071179236,0.0,-2.14564594782,-2.0716736256,4.82943715407,0.0207340094524,0.141941385875,0.0,458.38109973274675,459.70275767978586,457.28852306705977,458.9550700131185
3.000000000000002,-1.64135239256,-2.00191887158,18.1301601541,6.17244487175,0.199162149937,0.0,-2.27494396948,-2.14753339375,4.88825646399,0.027828866394,0.16587318454,0.0,454.48108922580394,456.4160344602931,456.12202840024173,456.6884063090696
3.0600000000000023,-1.78215349189,-2.13316924377,18.4264764755,6.17367427807,0.208872539662,0.0,-2.41932864548,-2.22727418514,4.98807309231,-0.00121641811782,0.152235406961,0.0,469.3979449867393,468.3615585141323,472.2571259154361,470.01106470915306
3.1200000000000023,-1.93182968996,-2.26919348267,18.7287693694,6.1736932924,0.217825712205,0.0,-2.57068956942,-2.30681382045,5.0874268828,0.0032198207069,0.142387758507,0.0,471.90594410110543,471.16452117568787,471.7179507028328,472.06044879972444
3.1800000000000024,-2.09061083243,-2.40991098564,19.036228467,6.17350515482,0.226373636102,0.0,-2.7227643724,-2.38372375483,5.16039440396,-0.0205593933352,0.142620046765,0.0,465.9518912646488,465.9879395963006,465.9548514832349,464.0918748630542
3.2400000000000024,-2.25843685389,-2.55513374572,19.346909567,6.17272273223,0.23451498399,0.0,-2.87216189736,-2.45710032904,5.194983421,-0.0011440313532,0.115894898241,0.0,455.7271501815368,453.60166285362357,454.9205847993899,456.4729609308871
3.3000000000000025,-2.43612246295,-2.70511298275,19.6626705234,6.1731442155,0.242370512811,0.0,-3.05132055438,-2.54210613365,5.32918748527,0.0197313722246,0.150805972832,0.0,485.67901733539725,488.3041792618575,486.62360747331405,488.1839558444243
3.3600000000000025,-2.6239980713,-2.85985496278,19.9834430744,6.17390616974,0.251675103689,0.0,-3.21198770211,-2.61584503025,5.36252273044,-0.00758181488465,0.162473236141,0.0,457.8366464252698,458.7859848181781,460.14449516994733,457.97666179915103
3.4200000000000026,-2.82284051345,-3.01949768565,20.310527649,6.17358314451,0.262425522976,0.0,-3.41698460841,-2.70549548241,5.53862761227,-0.00131471073901,0.20049215942,0.0,502.4902074501581,505.2648636492293,502.9411071975819,503.39499077039386
3.4800000000000026,-3.03171233881,-3.18350422344,20.6387942898,6.17342879901,0.274322789845,0.0,-3.54637677118,-2.76146876841,5.40370908483,-0.005214778551,0.193476742704,0.0,407.93929735395506,407.3545311110876,406.9439346786479,406.5946335475675
3.5400000000000027,-3.2492186903,-3.35114761282,20.961357025,6.17298825818,0.285817995324,0.0,-3.70478901554,-2.82668950631,5.34797630014,-0.0119788780673,0.187517244369,0.0,434.7818569761101,434.3188041700129,434.98111001237925,434.4142632700761
3.6000000000000028,-3.47540191927,-3.52233655661,21.2770710022,6.17218986845,0.297208885945,0.0,-3.83558694809,-2.87974605196,5.17608596714,-0.0161034068316,0.194137699485,0.0,393.1212876455239,393.7745460750729,395.3645165838165,394.9843051102939
3.660000000000003,-3.71138529874,-3.69737056436,21.5881911939,6.17101588628,0.308580630188,0.0,-4.03147108601,-2.95477228714,5.19362977683,-0.0275914657705,0.178216227719,0.0,460.32156383908466,459.093075656395,459.607763817693,458.6961969081829
3.720000000000003,-3.959704619,-3.87705963268,21.9013995469,6.16922801673,0.319963546738,0.0,-4.24672825675,-3.0349507062,5.24541871065,-0.0346216124057,0.206171520313,0.0,471.9743651474968,474.1593122532264,472.0280631331702,471.48488480390836
3.780000000000003,-4.22021127088,-4.06126570817,22.2147335051,6.16732153667,0.331984898277,0.0,-4.43780710559,-3.10539408855,5.19832985194,-0.0266158947502,0.185020056581,0.0,444.0631080601908,442.3632391523905,442.43176502284217,443.09019428966724
3.840000000000003,-4.49215604279,-4.24965189755,22.5244724777,6.16574871025,0.343551027197,0.0,-4.62794291509,-3.1742710676,5.125737015,-0.0254215314507,0.204938609018,0.0,434.86399546922473,436.56628687327304,436.0581919065736,436.15782575556335
3.900000000000003,-4.77675422071,-4.44253856277,22.8326387441,6.16417871616,0.355477746554,0.0,-4.85960203389,-3.25534856787,5.14520930506,-0.0276996847546,0.182160199622,0.0,469.8279437544791,468.0940880304421,466.96724814699144,466.7893584648518
3.960000000000003,-5.07561898384,-4.64036236554,23.1422143114,6.16321357529,0.366214962863,0.0,-5.10336966268,-3.33881241767,5.17265273449,0.0005096966644,0.171626210396,0.0,473.6690059355381,472.8867241939936,471.9798655558593,474.152566128932
4.020000000000002,-5.38774101788,-4.84271665821,23.4492342227,6.16384294036,0.376610257969,0.0,-5.30158470887,-3.40634653501,5.06095183983,0.0253196415803,0.176323882247,0.0,429.33184584421537,429.7603062773018,427.97665702785196,430.0836826247566
4.080000000000001,-5.71271765258,-5.0493528917,23.7514193813,6.16538097507,0.386978734136,0.0,-5.53181574972,-3.48140359157,5.0110424206,0.0262550772459,0.164651997801,0.0,452.2051860358806,451.291812506325,451.44286811374474,451.51847000066437
4.14,-6.05148389301,-5.26041255196,24.0499732285,6.16675790336,0.396979750712,0.0,-5.76121948097,-3.55381874705,4.94001522608,0.0153451513725,0.1704603063,0.0,445.63525540423177,446.1363240776019,447.2553024013015,446.36564989149724
4.199999999999998,-6.40400295916,-5.47575045906,24.3436869099,6.16756850274,0.406702554787,0.0,-5.99026535957,-3.62406786353,4.84975134975,0.00956095900241,0.13443771347,0.0,443.16595137139836,440.21837725815175,441.4985521380508,441.0208078306313
4.259999999999997,-6.77037574862,-5.69528272335,24.631730323,6.16861158119,0.414778358474,0.0,-6.222907723,-3.69364848938,4.75110403766,0.0296636597853,0.134912528386,0.0,440.6631125671531,440.71924707087896,438.6458817308969,440.3125454079058
4.319999999999996,-7.15178729727,-5.91921843116,24.9158195537,6.16986499456,0.422726919436,0.0,-6.49145741584,-3.7707281166,4.71746529338,-0.00931910676282,0.127100001162,0.0,465.253079523382,464.65609408238566,464.045225133358,460.9741779608966
4.379999999999995,-7.54814232714,-6.14743679419,25.194814873,6.1695138067,0.430290623972,0.0,-6.72115596074,-3.83663108713,4.58191857662,0.00030689679838,0.123902208965,0.0,430.84621193980496,430.590700614923,430.6685496047866,431.48231076548535
4.439999999999993,-7.95906603272,-6.37977802326,25.466938934,6.16969298983,0.437516862671,0.0,-6.97699979309,-3.90808936127,4.4881019003,0.0078691492146,0.112415447287,0.0,446.8981573253281,445.9735564907094,446.94573119519555,447.5617687131394
4.499999999999992,-8.38628470265,-6.61660167701,25.7349800027,6.17011083425,0.444039169766,0.0,-7.26418502441,-3.98598025719,4.44544842234,0.00508946824384,0.100008969573,0.0,466.2921621391645,465.33143635902036,466.6270263216247,466.4098108443762
4.559999999999991,-8.83154851314,-6.85825534708,26.0016926075,6.17068781337,0.449580215297,0.0,-7.57836241596,-4.06905580027,4.44351262912,0.0174060214305,0.0690739965204,0.0,483.75587656059304,481.4263161069133,481.32136670022,482.25272495646914
4.6199999999999894,-9.29547531651,-7.10481086322,26.2674537475,6.17241908749,0.45447567228,0.0,-7.88628939712,-4.14933143566,4.4139694179,0.045276198814,0.099099811893,0.0,474.7471715715303,477.05071433885075,475.4663770045868,477.59758075950475
4.679999999999988,-9.777809966,-7.35611139915,26.5308575697,6.17476041231,0.460060791818,0.0,-8.19209002686,-4.22715197592,4.36495504884,0.022004337025,0.0769951479813,0.0,473.67678807731687,471.97989383836153,473.19862565375814,471.4038372562118
4.739999999999987,-10.2758441803,-7.611449038,26.7855595498,6.17620222254,0.464541281854,0.0,-8.41007174521,-4.28418260908,4.12527739849,0.0278013177406,0.0695786832037,0.0,406.43121810181106,405.77063747375837,407.28902720111756,407.80748479399773
4.799999999999986,-10.7889233701,-7.87059604896,27.0293936312,6.17828397294,0.469018699073,0.0,-8.69328396314,-4.35398392293,4.00182084722,0.0457867781316,0.0831691891467,0.0,448.5816079406868,449.68844677748797,449.11709817052713,450.574429838039
4.859999999999984,-11.321379761,-8.13437078694,27.2700490368,6.18166142978,0.474031055979,0.0,-9.05564131004,-4.4381882567,4.01822266693,0.0716978251069,0.0842689183282,0.0,497.9200186980167,498.0053580143056,497.1739711835982,499.0709943481976
4.919999999999983,-11.8731908877,-8.40264340284,27.5065513812,6.18581611845,0.478973650312,0.0,-9.33896011164,-4.50405731763,3.86459162087,0.0638250063993,0.0782972490684,0.0,444.75623978312944,444.272203068786,445.12364567897754,444.48229801444444
4.979999999999982,-12.4427479406,-8.67493909544,27.7347896381,6.18991514266,0.484441647728,0.0,-9.64710213148,-4.5722588638,3.74242581772,0.0760513547351,0.108957470363,0.0,456.0929817209144,458.5423176243552,456.7491536407314,457.7268443022549
5.0399999999999805,-13.0294723899,-8.9510199799,27.9526789275,6.19444686905,0.490770328367,0.0,-9.91155739069,-4.63032123388,3.52021947484,0.0744632076183,0.0974154438285,0.0,424.2118270241317,423.2294527640912,423.022845688613,422.8908160153331
